murder
[[1.         0.97777075]
 [0.97777075 1.        ]]
crash
[[1.         0.95285783]
 [0.95285783 1.        ]]
bomb
[[1.         0.91319989]
 [0.91319989 1.        ]]
earthquake
fire
[[1.         0.77764603]
 [0.77764603 1.        ]]
damage
shelter
[[1.         0.94865213]
 [0.94865213 1.        ]]
attack
[[1.         0.92726948]
 [0.92726948 1.        ]]
disaster
tornado
[[1.         0.92674404]
 [0.92674404 1.        ]]
die
[[1.         0.58433008]
 [0.58433008 1.        ]]
radiat
[[1.        0.9647199]
 [0.9647199 1.       ]]
dead
[[1.        0.8968842]
 [0.8968842 1.       ]]
shot
[[1.         0.85293057]
 [0.85293057 1.        ]]
rip
[[1.         0.49419044]
 [0.49419044 1.        ]]
evacuat
aware
rescue
accident
[[1.         0.20664796]
 [0.20664796 1.        ]]
incident
[[1.         0.25796134]
 [0.25796134 1.        ]]
explosion
combust
[[1. 1.]
 [1. 1.]]